8 115

7  0  1    1  2    2  3    3  4    4  5    5  6    6  7  
7  0  1    1  2    2  3    3  4    4  5    5  6    5  7  
7  0  1    1  2    2  3    3  4    4  5    5  6    4  7  
7  0  1    1  2    2  3    3  4    4  5    5  6    3  7  
7  0  1    1  2    2  3    3  4    4  5    5  6    2  7  
7  0  1    1  2    2  3    3  4    4  5    5  6    1  7  
7  0  1    1  2    2  3    3  4    4  5    5  6    0  7  
7  0  1    1  2    2  3    3  4    4  5    4  6    4  7  
7  0  1    1  2    2  3    3  4    4  5    4  6    3  7  
7  0  1    1  2    2  3    3  4    4  5    4  6    2  7  
7  0  1    1  2    2  3    3  4    4  5    4  6    1  7  
7  0  1    1  2    2  3    3  4    4  5    4  6    0  7  
7  0  1    1  2    2  3    3  4    4  5    3  6    6  7  
7  0  1    1  2    2  3    3  4    4  5    3  6    3  7  
7  0  1    1  2    2  3    3  4    4  5    3  6    2  7  
7  0  1    1  2    2  3    3  4    4  5    3  6    1  7  
7  0  1    1  2    2  3    3  4    4  5    3  6    0  7  
7  0  1    1  2    2  3    3  4    4  5    2  6    6  7  
7  0  1    1  2    2  3    3  4    4  5    2  6    2  7  
7  0  1    1  2    2  3    3  4    4  5    2  6    1  7  
7  0  1    1  2    2  3    3  4    4  5    2  6    0  7  
7  0  1    1  2    2  3    3  4    4  5    1  6    6  7  
7  0  1    1  2    2  3    3  4    4  5    1  6    1  7  
7  0  1    1  2    2  3    3  4    4  5    1  6    0  7  
7  0  1    1  2    2  3    3  4    4  5    0  6    6  7  
7  0  1    1  2    2  3    3  4    4  5    0  6    0  7  
7  0  1    1  2    2  3    3  4    3  5    3  6    3  7  
7  0  1    1  2    2  3    3  4    3  5    3  6    2  7  
7  0  1    1  2    2  3    3  4    3  5    3  6    1  7  
7  0  1    1  2    2  3    3  4    3  5    3  6    0  7  
7  0  1    1  2    2  3    3  4    3  5    2  6    6  7  
7  0  1    1  2    2  3    3  4    3  5    2  6    2  7  
7  0  1    1  2    2  3    3  4    3  5    2  6    1  7  
7  0  1    1  2    2  3    3  4    3  5    2  6    0  7  
7  0  1    1  2    2  3    3  4    3  5    1  6    6  7  
7  0  1    1  2    2  3    3  4    3  5    1  6    1  7  
7  0  1    1  2    2  3    3  4    3  5    1  6    0  7  
7  0  1    1  2    2  3    3  4    3  5    0  6    6  7  
7  0  1    1  2    2  3    3  4    3  5    0  6    0  7  
7  0  1    1  2    2  3    3  4    2  5    5  6    2  7  
7  0  1    1  2    2  3    3  4    2  5    5  6    1  7  
7  0  1    1  2    2  3    3  4    2  5    5  6    0  7  
7  0  1    1  2    2  3    3  4    2  5    2  6    2  7  
7  0  1    1  2    2  3    3  4    2  5    2  6    1  7  
7  0  1    1  2    2  3    3  4    2  5    2  6    0  7  
7  0  1    1  2    2  3    3  4    2  5    1  6    6  7  
7  0  1    1  2    2  3    3  4    2  5    1  6    1  7  
7  0  1    1  2    2  3    3  4    2  5    1  6    0  7  
7  0  1    1  2    2  3    3  4    2  5    0  6    6  7  
7  0  1    1  2    2  3    3  4    2  5    0  6    0  7  
7  0  1    1  2    2  3    3  4    1  5    5  6    6  7  
7  0  1    1  2    2  3    3  4    1  5    5  6    5  7  
7  0  1    1  2    2  3    3  4    1  5    5  6    1  7  
7  0  1    1  2    2  3    3  4    1  5    5  6    0  7  
7  0  1    1  2    2  3    3  4    1  5    1  6    1  7  
7  0  1    1  2    2  3    3  4    1  5    1  6    0  7  
7  0  1    1  2    2  3    3  4    1  5    0  6    6  7  
7  0  1    1  2    2  3    3  4    1  5    0  6    0  7  
7  0  1    1  2    2  3    3  4    0  5    5  6    6  7  
7  0  1    1  2    2  3    3  4    0  5    5  6    5  7  
7  0  1    1  2    2  3    3  4    0  5    5  6    0  7  
7  0  1    1  2    2  3    3  4    0  5    0  6    0  7  
7  0  1    1  2    2  3    2  4    2  5    2  6    2  7  
7  0  1    1  2    2  3    2  4    2  5    2  6    1  7  
7  0  1    1  2    2  3    2  4    2  5    2  6    0  7  
7  0  1    1  2    2  3    2  4    2  5    1  6    6  7  
7  0  1    1  2    2  3    2  4    2  5    1  6    1  7  
7  0  1    1  2    2  3    2  4    2  5    1  6    0  7  
7  0  1    1  2    2  3    2  4    2  5    0  6    6  7  
7  0  1    1  2    2  3    2  4    2  5    0  6    0  7  
7  0  1    1  2    2  3    2  4    1  5    5  6    5  7  
7  0  1    1  2    2  3    2  4    1  5    5  6    1  7  
7  0  1    1  2    2  3    2  4    1  5    5  6    0  7  
7  0  1    1  2    2  3    2  4    1  5    1  6    1  7  
7  0  1    1  2    2  3    2  4    1  5    1  6    0  7  
7  0  1    1  2    2  3    2  4    1  5    0  6    6  7  
7  0  1    1  2    2  3    2  4    1  5    0  6    0  7  
7  0  1    1  2    2  3    2  4    0  5    5  6    6  7  
7  0  1    1  2    2  3    2  4    0  5    5  6    5  7  
7  0  1    1  2    2  3    2  4    0  5    5  6    0  7  
7  0  1    1  2    2  3    2  4    0  5    0  6    0  7  
7  0  1    1  2    2  3    1  4    4  5    1  6    6  7  
7  0  1    1  2    2  3    1  4    4  5    1  6    1  7  
7  0  1    1  2    2  3    1  4    4  5    1  6    0  7  
7  0  1    1  2    2  3    1  4    4  5    0  6    6  7  
7  0  1    1  2    2  3    1  4    4  5    0  6    0  7  
7  0  1    1  2    2  3    1  4    1  5    1  6    1  7  
7  0  1    1  2    2  3    1  4    1  5    1  6    0  7  
7  0  1    1  2    2  3    1  4    1  5    0  6    6  7  
7  0  1    1  2    2  3    1  4    1  5    0  6    0  7  
7  0  1    1  2    2  3    1  4    0  5    5  6    6  7  
7  0  1    1  2    2  3    1  4    0  5    5  6    5  7  
7  0  1    1  2    2  3    1  4    0  5    5  6    0  7  
7  0  1    1  2    2  3    1  4    0  5    0  6    0  7  
7  0  1    1  2    2  3    0  4    4  5    5  6    0  7  
7  0  1    1  2    2  3    0  4    4  5    4  6    4  7  
7  0  1    1  2    2  3    0  4    4  5    4  6    0  7  
7  0  1    1  2    2  3    0  4    4  5    0  6    6  7  
7  0  1    1  2    2  3    0  4    4  5    0  6    0  7  
7  0  1    1  2    2  3    0  4    0  5    0  6    0  7  
7  0  1    1  2    1  3    1  4    1  5    1  6    1  7  
7  0  1    1  2    1  3    1  4    1  5    1  6    0  7  
7  0  1    1  2    1  3    1  4    1  5    0  6    6  7  
7  0  1    1  2    1  3    1  4    1  5    0  6    0  7  
7  0  1    1  2    1  3    1  4    0  5    5  6    5  7  
7  0  1    1  2    1  3    1  4    0  5    5  6    0  7  
7  0  1    1  2    1  3    1  4    0  5    0  6    0  7  
7  0  1    1  2    1  3    0  4    4  5    4  6    0  7  
7  0  1    1  2    1  3    0  4    4  5    0  6    6  7  
7  0  1    1  2    1  3    0  4    4  5    0  6    0  7  
7  0  1    1  2    1  3    0  4    0  5    0  6    0  7  
7  0  1    1  2    0  3    3  4    0  5    5  6    0  7  
7  0  1    1  2    0  3    3  4    0  5    0  6    0  7  
7  0  1    1  2    0  3    0  4    0  5    0  6    0  7  
7  0  1    0  2    0  3    0  4    0  5    0  6    0  7  
