7 48

6  0  1    1  2    2  3    3  4    4  5    5  6  
6  0  1    1  2    2  3    3  4    4  5    4  6  
6  0  1    1  2    2  3    3  4    4  5    3  6  
6  0  1    1  2    2  3    3  4    4  5    2  6  
6  0  1    1  2    2  3    3  4    4  5    1  6  
6  0  1    1  2    2  3    3  4    4  5    0  6  
6  0  1    1  2    2  3    3  4    3  5    3  6  
6  0  1    1  2    2  3    3  4    3  5    2  6  
6  0  1    1  2    2  3    3  4    3  5    1  6  
6  0  1    1  2    2  3    3  4    3  5    0  6  
6  0  1    1  2    2  3    3  4    2  5    5  6  
6  0  1    1  2    2  3    3  4    2  5    2  6  
6  0  1    1  2    2  3    3  4    2  5    1  6  
6  0  1    1  2    2  3    3  4    2  5    0  6  
6  0  1    1  2    2  3    3  4    1  5    5  6  
6  0  1    1  2    2  3    3  4    1  5    1  6  
6  0  1    1  2    2  3    3  4    1  5    0  6  
6  0  1    1  2    2  3    3  4    0  5    5  6  
6  0  1    1  2    2  3    3  4    0  5    0  6  
6  0  1    1  2    2  3    2  4    2  5    2  6  
6  0  1    1  2    2  3    2  4    2  5    1  6  
6  0  1    1  2    2  3    2  4    2  5    0  6  
6  0  1    1  2    2  3    2  4    1  5    5  6  
6  0  1    1  2    2  3    2  4    1  5    1  6  
6  0  1    1  2    2  3    2  4    1  5    0  6  
6  0  1    1  2    2  3    2  4    0  5    5  6  
6  0  1    1  2    2  3    2  4    0  5    0  6  
6  0  1    1  2    2  3    1  4    4  5    1  6  
6  0  1    1  2    2  3    1  4    4  5    0  6  
6  0  1    1  2    2  3    1  4    1  5    1  6  
6  0  1    1  2    2  3    1  4    1  5    0  6  
6  0  1    1  2    2  3    1  4    0  5    5  6  
6  0  1    1  2    2  3    1  4    0  5    0  6  
6  0  1    1  2    2  3    0  4    4  5    5  6  
6  0  1    1  2    2  3    0  4    4  5    4  6  
6  0  1    1  2    2  3    0  4    4  5    0  6  
6  0  1    1  2    2  3    0  4    0  5    0  6  
6  0  1    1  2    1  3    1  4    1  5    1  6  
6  0  1    1  2    1  3    1  4    1  5    0  6  
6  0  1    1  2    1  3    1  4    0  5    5  6  
6  0  1    1  2    1  3    1  4    0  5    0  6  
6  0  1    1  2    1  3    0  4    4  5    4  6  
6  0  1    1  2    1  3    0  4    4  5    0  6  
6  0  1    1  2    1  3    0  4    0  5    0  6  
6  0  1    1  2    0  3    3  4    0  5    5  6  
6  0  1    1  2    0  3    3  4    0  5    0  6  
6  0  1    1  2    0  3    0  4    0  5    0  6  
6  0  1    0  2    0  3    0  4    0  5    0  6  
